4 97
4 48
2 84
8 48
3 31
7 89
3 95
7 27
2 73
8 96
52132 19
46596 81
89230 43
44524 4
19142 58
63525 12
73930 86
14222 6
12897 29
64453 88
19849 89
6977 2
11132 79
21433 53
45280 39
76642 95
82877 16
80282 26
56692 32
85381 70
279312730 92
86444157 94
787051663 9
866326364 97
435660400 66
742395856 62
844935865 20
602510747 97
614353410 83
95953229 6
341092214 14
838219266 37
186260353 46
228038450 64
136969852 54
999999999 99
888888888 88
777777777 77
1000000000 10
1000000000 99
