12 3 16
54 11 74 29 36 34 27 24 67 44 65 6 
5 3 93
46 12 60 58 82 
19 4 62
24 48 31 37 73 97 84 67 74 69 81 21 88 20 11 30 63 8 65 
6 3 16
5 29 84 53 3 36 
4 2 93
89 92 24 74 
10 5 34
87 65 42 86 19 21 66 3 50 27 
11 5 20
17 60 10 47 70 94 44 30 35 2 58 
16 6 86
65 12 82 60 20 10 14 34 17 90 77 16 50 19 9 16 
10 3 47
66 70 57 67 49 37 87 75 66 99 
17 1 58
10 18 80 26 3 37 28 74 14 22 27 85 19 99 90 31 65 
10 2 56
91 11 91 93 25 21 80 32 19 65 
5 5 43
98 34 86 27 100 
10 3 78
12 77 38 64 88 100 53 20 10 23 
20 5 29
99 9 10 8 74 48 3 94 96 79 61 62 14 50 29 11 26 64 52 18 
14 6 1
31 93 48 19 14 82 58 36 52 71 22 79 92 52 
12 4 53
16 31 67 44 97 46 72 67 99 30 56 66 
12 1 4
61 7 31 90 21 11 67 25 62 3 99 57 
20 4 68
72 15 22 6 81 86 94 66 52 10 79 13 27 15 29 85 79 85 98 80 
10 3 59
51 71 32 46 13 50 47 100 52 66 
20 2 23
100 54 23 85 90 37 12 72 40 88 58 9 94 30 48 24 89 20 74 83 
8 1 37
43 41 34 9 14 75 28 79 
19 3 54
66 7 1 57 28 40 87 75 40 19 39 42 84 58 65 85 12 30 31 
10 5 79
94 79 50 17 91 32 26 69 90 85 
18 5 98
60 76 60 100 31 71 26 40 76 93 22 78 92 60 45 69 55 12 
16 6 20
37 22 99 74 84 10 46 47 89 27 51 88 60 45 28 44 
6 1 12
71 44 30 46 42 80 
5 6 66
34 50 24 26 84 
12 6 66
63 18 69 72 21 16 30 95 36 87 58 98 
18 5 36
53 29 67 67 36 34 93 61 17 17 31 48 2 40 17 16 7 99 
5 2 60
40 61 62 23 79 
16 3 81
58 49 15 93 92 96 85 68 87 23 39 3 31 40 63 14 
12 5 69
43 46 60 54 39 13 49 72 23 55 63 54 
17 6 83
21 43 60 51 86 4 43 84 46 70 66 34 20 96 71 34 10 
12 6 100
55 73 45 29 79 67 10 46 55 30 11 66 
17 1 18
40 36 70 5 85 15 13 28 13 19 15 97 7 98 62 17 78 
8 2 76
68 59 70 81 14 38 96 23 
11 1 37
70 12 11 96 51 57 5 40 13 79 1 
5 1 93
54 48 13 46 45 
8 4 31
25 38 55 94 84 87 56 64 
6 6 4
59 33 41 91 25 40 
12 5 15
85 19 85 53 29 68 99 97 79 77 47 2 
11 4 42
51 84 83 93 64 7 12 64 76 36 97 
20 4 68
2 73 39 39 33 18 34 67 82 58 34 97 36 14 88 80 10 4 92 79 
18 6 13
45 72 78 4 63 88 84 59 2 1 2 12 72 68 40 9 40 94 
10 4 68
77 41 26 25 94 54 98 47 39 7 
17 5 94
61 18 39 6 77 25 49 80 35 1 2 88 59 10 85 29 11 
17 2 62
82 3 100 35 28 25 86 87 35 64 93 43 50 39 63 39 40 
5 4 95
32 15 68 85 22 
10 1 21
40 6 53 9 62 68 88 11 46 100 
17 1 40
38 62 61 65 27 47 75 39 17 48 82 9 37 43 51 10 60 
20 6 78
54 66 70 46 32 32 90 95 15 35 4 72 70 93 83 28 24 70 65 57
20 6 62
29 98 81 6 43 42 39 15 87 78 5 77 4 43 71 83 87 44 13 67
20 6 8
5 5 30 37 4 19 49 16 18 92 67 18 57 56 60 53 73 67 5 51
20 6 37
30 89 99 24 67 88 72 63 66 82 40 76 74 6 63 79 59 95 47 4
20 6 65
46 46 69 1 21 85 25 38 72 44 50 68 71 92 47 60 31 64 73 66