8
15 30 9.66 2.53
46.69 -20.11
51.10 66.07 86.39
-0.72 -79.21 51.44
39.42 44.36 88.04
-86.58 -98.94 50.23
32.93 -14.76 48.53
52.15 -61.75 14.34
35.45 -70.38 28.46
-78.70 86.36 5.91
9.59 -24.44 4.76
13.06 -77.75 44.30
-51.52 73.35 27.51
-79.02 -27.37 37.80
22.88 -87.95 10.26
-1.28 -74.53 10.78
98.18 58.40 52.98
Line 45.39 56.96 -25.08 -42.07 53.02
Line 67.37 83.69 -79.67 -85.68 56.38
Line 36.67 35.14 -68.65 -12.57 35.53
Line 59.07 84.36 -13.21 -67.73 19.83
Line 12.87 82.20 -58.09 -58.25 8.05
Line 24.08 60.28 -84.32 -53.83 19.85
Line 19.96 92.40 -16.13 1.00 30.14
Line 75.13 68.89 -68.79 -1.97 49.38
Line 24.84 36.95 -85.61 -40.18 13.54
Line 72.95 21.63 -95.09 -35.16 31.04
Line 35.67 79.43 -68.80 -18.30 12.81
Line 43.30 9.40 -24.28 -38.42 31.69
Line 9.03 83.04 -57.64 -0.39 49.55
Line 93.43 74.91 -51.92 -73.55 42.86
Line 30.70 54.06 -94.40 -52.27 7.88
Line 25.53 23.22 -70.57 -67.41 51.01
Line 81.22 70.20 -39.11 -85.66 30.47
Line 83.17 59.97 -45.97 -36.72 12.50
Line 6.42 74.30 -98.09 -46.79 43.41
Line 83.92 47.87 -55.92 -65.16 43.65
Line 15.15 67.64 -76.19 -76.96 9.10
Line 35.12 51.45 -67.00 -32.01 49.41
Line 17.44 50.43 -50.85 -16.31 38.15
Line -0.89 67.30 -79.27 -41.72 17.96
Line 39.84 67.06 -97.88 -56.38 11.94
Line 73.53 29.68 -37.98 -79.68 37.45
Line 35.62 39.01 -72.81 -37.45 36.26
Line 40.84 98.33 -90.78 -22.57 39.62
Line 91.47 95.81 -86.32 -56.56 47.24
Line 76.73 45.93 -57.24 0.02 2.02
15 30 1.97 37.53
13.31 -775.17
-974.66 -248.98 5.14
-219.13 -246.00 5.65
-585.61 457.52 3.60
739.64 -237.32 6.34
291.07 148.79 1.13
-231.62 280.80 2.60
-249.27 -670.73 4.27
-358.51 -239.10 4.43
493.27 -330.15 9.02
-861.52 683.16 1.03
806.13 708.50 4.41
-273.54 -510.64 7.81
759.79 -96.24 5.37
-663.05 -356.60 8.80
524.15 934.46 4.97
Line 965.02 880.43 -63.89 150.64 45.04
Line 597.03 -186.88 -708.40 340.90 103.86
Line -908.83 -730.43 -339.52 -769.32 40.02
Line -119.77 540.78 305.44 574.11 36.75
Line -157.63 -18.87 -192.61 -138.44 105.89
Line -987.81 -688.53 609.22 124.60 114.54
Line -534.50 444.57 -443.33 714.13 76.94
Line 944.81 -209.48 -174.96 -668.69 17.18
Line 905.41 213.28 -252.22 -805.59 95.53
Line 55.97 628.89 68.16 940.36 47.26
Line 64.96 720.71 530.45 165.28 14.79
Line -120.59 -494.38 -175.77 296.15 100.71
Line 627.45 691.91 532.87 -94.81 25.44
Line 99.60 1.22 -844.43 -369.89 77.31
Line -429.53 -186.27 635.42 -465.56 74.12
Circle 699.72 -335.06 289.57 74.38
Circle -442.72 403.37 812.26 67.89
Circle -905.84 316.44 813.51 22.19
Circle 229.01 907.68 115.12 105.89
Circle 476.80 -139.66 350.26 88.69
Circle 691.73 -398.36 113.09 69.45
Circle -767.90 925.90 742.55 37.78
Circle -83.54 -957.62 691.58 101.68
Circle -38.97 477.33 896.71 70.74
Circle 204.96 22.44 263.09 78.90
Circle -244.47 -997.01 816.76 48.69
Circle 543.82 325.25 305.02 95.33
Circle -613.89 -157.85 66.01 28.00
Circle 982.35 48.47 945.38 33.74
Circle -963.47 -148.21 509.93 45.49
15 30 1.46 41.43
-975.08 444.72
-133.19 -999.28 7.05
17.72 -949.07 3.85
599.65 920.84 7.12
251.53 -343.35 8.22
372.31 808.04 5.32
-310.27 395.65 5.95
-192.66 120.85 3.01
20.31 101.95 4.41
703.30 -139.99 5.75
-399.65 -115.07 3.25
482.05 751.74 3.25
-172.93 -230.54 3.48
460.66 -630.89 3.13
-180.32 620.64 6.08
-576.78 -7.05 5.22
Line 982.45 -489.53 -793.45 -343.31 86.43
Line -914.26 -420.89 300.72 -166.28 20.17
Line -468.01 -21.61 -902.42 268.70 115.19
Line -427.90 -750.46 -97.98 -419.69 30.20
Line 550.16 229.07 532.60 739.54 105.65
Line -603.77 -373.52 -518.03 205.59 108.05
Line -960.69 -431.31 -428.70 547.08 46.79
Line -184.22 -263.75 387.88 -14.20 25.94
Line 566.11 -126.07 116.26 -897.00 45.69
Line 842.54 638.53 -761.23 -734.99 49.64
Line 470.60 -239.94 509.91 328.75 14.47
Line -124.17 680.70 691.61 -583.05 69.37
Line 402.75 267.24 -31.15 -858.84 14.68
Line -755.84 -291.93 -913.30 -653.40 27.90
Line -388.39 -361.09 -917.79 398.97 97.57
Circle -272.28 -979.34 801.78 103.57
Circle -576.57 295.17 877.48 30.61
Circle 521.06 22.20 244.95 73.98
Circle 770.59 -424.97 239.33 82.00
Circle 494.22 -174.74 909.85 89.03
Circle 69.94 -134.09 234.46 32.86
Circle 111.20 196.64 392.27 54.01
Circle -862.41 207.96 127.95 62.96
Circle -529.98 776.95 107.03 24.68
Circle 148.48 984.66 278.00 35.48
Circle -849.09 -949.79 290.97 112.84
Circle -274.57 651.87 122.25 16.64
Circle 151.38 355.71 793.81 17.71
Circle -882.39 725.20 106.48 118.96
Circle -688.87 -317.02 148.12 59.34
15 30 8.61 57.85
-5.84 11.72
29.70 -37.41 9.40
-35.44 -81.55 2.94
-4.23 4.32 3.09
7.13 -60.90 1.47
10.55 -31.44 1.70
15.02 -41.88 3.19
40.69 -93.74 6.61
-18.61 4.65 8.32
-33.36 -6.98 1.02
15.47 87.18 6.05
87.55 16.88 8.86
74.17 81.44 9.69
-82.66 -22.79 5.39
-36.15 84.34 7.15
-25.62 -5.11 1.23
Line 7.96 9.50 53.97 12.69 6.75
Line 25.41 -79.91 36.03 -97.72 8.20
Line 83.09 45.13 -19.46 -51.55 8.10
Line -0.50 -5.36 -8.24 73.18 8.95
Line 9.84 -50.64 -82.20 58.86 8.44
Line -28.45 -65.05 96.96 -44.96 7.66
Line -42.68 -31.05 -59.59 -85.92 7.42
Line -37.47 -39.80 62.02 54.84 6.08
Line 28.02 17.14 -62.14 66.51 6.11
Line 25.37 19.11 96.92 54.06 8.88
Line -90.90 28.12 -33.58 97.07 7.14
Line -88.85 33.02 -26.32 93.22 5.71
Line 48.06 19.08 -23.92 -63.78 7.28
Line -97.27 31.61 28.10 -49.28 7.50
Line -95.22 -16.20 -86.12 -88.08 6.61
Circle -91.01 -34.56 100.73 8.97
Circle -85.09 -6.17 594.29 7.59
Circle 39.73 -62.06 79.05 6.48
Circle 59.68 29.74 456.45 6.99
Circle -95.01 42.01 650.07 7.94
Circle 80.14 -51.09 960.31 6.89
Circle -59.03 -98.95 140.49 5.42
Circle 58.57 -57.00 751.25 8.24
Circle -55.44 -10.02 317.85 7.12
Circle -26.03 -76.75 754.33 7.29
Circle 34.87 55.86 156.06 6.72
Circle -96.66 -88.64 820.07 5.07
Circle -70.55 -95.01 947.83 5.66
Circle -74.33 48.14 703.49 6.97
Circle -62.05 85.26 188.77 5.98
15 30 6.63 56.30
24.63 2.82
-35.89 31.38 58.53
-1.28 84.13 6.52
-4.83 65.19 5.75
49.96 -36.59 3.45
-6.02 -51.59 7.06
-88.46 61.18 7.15
59.80 -58.55 1.48
89.36 34.87 1.03
-20.67 16.86 8.32
0.99 -14.69 8.47
-49.51 -28.42 2.13
34.99 -20.49 7.42
-39.82 39.34 64.32
72.48 39.45 2.73
86.12 98.32 7.78
Line -28.58 55.47 50.17 -7.60 7.84
Line -17.31 73.06 -39.04 68.83 6.52
Line 22.28 -19.52 98.86 -21.23 6.22
Line 52.72 -99.59 55.52 -45.31 7.49
Line 16.62 -65.42 88.04 90.05 7.76
Line -17.55 -46.31 65.14 -73.25 5.52
Line 95.58 53.01 17.86 -66.50 7.33
Line 12.27 -35.32 -35.01 -34.91 5.41
Line 19.78 -79.85 -63.60 -45.26 5.49
Line -55.21 -86.42 27.24 -32.73 6.85
Line -5.98 41.39 -10.41 -5.60 5.15
Line 27.90 13.72 -59.83 78.40 7.10
Line -56.51 54.11 63.27 74.26 8.99
Line -71.01 -95.31 -26.22 -81.74 5.02
Line -14.47 -70.58 79.55 70.81 6.38
Line -34.79 -67.49 93.11 46.23 5.67
Circle 24.63 2.82 840.56 6.14
Circle -35.89 31.38 673.27 7.62
Circle -39.82 39.34 669.82 8.15
Circle 41.94 34.98 856.82 5.57
Circle -77.32 42.17 459.11 5.15
Circle -27.27 68.41 94.81 8.38
Circle -66.23 43.59 861.03 7.23
Circle 28.92 -63.68 800.57 8.42
Circle 74.13 -79.70 646.50 8.09
Circle -32.09 -28.76 555.22 5.85
Circle 17.61 33.72 789.18 5.51
Circle 92.16 -69.43 963.23 5.99
Circle 63.13 -73.59 175.62 8.97
Circle 4.82 64.05 739.52 7.48
15 30 9.02 50.54
73.22 -37.33
12.32 -66.33 9.84
20.60 -7.73 1.07
-21.89 36.28 8.56
-63.29 -62.23 1.74
66.73 -86.06 5.99
9.30 -62.75 4.94
-20.99 -72.25 27.89
81.93 -72.47 9.96
-27.86 -93.49 26.65
-29.93 -55.23 5.83
-73.79 30.35 7.33
21.17 52.80 40.05
64.11 -53.20 4.13
-15.43 -14.04 4.12
-0.10 80.23 2.52
Line -43.86 0.87 82.18 -85.72 77.59
Line -37.71 -39.36 53.79 45.78 55.22
Line 93.95 -87.24 -10.98 45.71 66.15
Line -31.54 -84.44 87.04 -43.23 58.96
Line 88.09 -14.09 -55.76 86.78 17.55
Line -98.93 -48.51 -36.65 12.13 13.14
Line -42.09 66.01 -48.14 78.77 71.92
Line 24.48 -34.24 92.94 -18.68 90.49
Line 38.09 -22.50 26.19 63.41 85.95
Line 50.19 35.28 51.26 86.77 11.94
Line -1.10 64.23 56.81 30.24 9.11
Line 9.01 -52.38 -66.52 13.38 17.55
Line 94.70 74.63 32.80 -47.87 33.02
Line -84.46 -27.35 65.74 -92.06 60.57
Line 94.71 -97.65 -6.40 66.58 28.94
Line -3.18 18.00 -94.17 65.63 23.67
Circle -20.99 -72.25 368.58 6.14
Circle -27.86 -93.49 860.59 36.11
Circle -29.93 -55.23 179.03 30.03
Circle 21.17 52.80 617.57 45.10
Circle 41.01 -9.91 957.12 93.79
Circle 65.79 -49.51 657.07 33.07
Circle -67.94 -89.58 488.97 44.97
Circle -10.75 69.93 718.85 72.47
Circle 56.15 -86.16 255.33 28.58
Circle -60.48 72.23 434.64 50.48
Circle -13.14 -72.06 673.24 14.20
Circle 72.76 0.44 827.53 20.13
Circle 28.96 97.57 79.10 50.30
Circle 26.41 5.07 85.33 28.20
15 30 9.12 8.70
-67.32 -67.95
40.46 64.77 41.75
-80.91 28.59 76.07
59.04 -3.33 21.81
58.01 6.44 10.80
54.98 15.79 19.63
50.06 24.30 26.34
-8.71 64.58 70.89
22.75 -28.16 92.97
-81.81 -95.67 99.28
43.49 31.60 19.01
-67.44 76.84 60.90
-40.22 40.09 22.52
35.54 37.37 95.35
50.23 -89.59 13.35
58.17 -23.86 10.45
Circle 59.04 -3.33 47.00 26.47
Circle 58.01 6.44 47.00 4.99
Circle 54.98 15.79 47.00 2.63
Circle 50.06 24.30 47.00 44.96
Circle 43.49 31.60 47.00 32.98
Circle 35.54 37.37 47.00 3.09
Circle 26.56 41.37 47.00 30.69
Circle 16.95 43.41 47.00 43.03
Circle 7.13 43.41 47.00 17.02
Circle -2.48 41.37 47.00 14.65
Circle -11.46 37.37 47.00 21.27
Circle -19.41 31.60 47.00 10.27
Circle -25.98 24.30 47.00 34.47
Circle -30.90 15.79 47.00 56.20
Circle -33.93 6.44 47.00 50.94
Circle -34.96 -3.33 47.00 29.73
Circle -33.93 -13.10 47.00 30.16
Circle -30.90 -22.45 47.00 38.75
Circle -25.98 -30.96 47.00 33.97
Circle -19.41 -38.26 47.00 58.11
Circle -11.46 -44.03 47.00 43.34
Circle -2.48 -48.03 47.00 34.45
Circle 7.13 -50.07 47.00 33.44
Circle 16.95 -50.07 47.00 31.45
Circle 26.56 -48.03 47.00 47.66
Circle 35.54 -44.03 47.00 39.54
Circle 43.49 -38.26 47.00 57.43
Circle 50.06 -30.96 47.00 37.48
Circle 54.98 -22.45 47.00 44.17
Circle 58.01 -13.10 47.00 6.47
2 2 6 0
0 0
-3 1 1
2 0 1
Line -2 1 0 1 60
Circle 0 0 1 60
