100
45 11
87 71
66 2
100 15
20 16
78 25
42 26
10 39
47 17
51 12
3 52
53 4
96 36
14 72
55 6
1 47
53 37
40 61
44 64
68 44
83 18
4 44
64 72
18 83
3 35
61 33
16 27
40 23
66 3
78 50
62 4
31 77
48 31
18 30
81 81
2 32
91 2
92 52
13 51
89 63
34 26
76 97
35 45
84 2
34 17
29 35
48 12
47 87
67 70
83 78
92 17
69 38
51 82
89 32
85 57
82 1
93 36
11 78
18 92
44 49
83 41
57 12
28 87
50 11
28 9
62 89
52 1
24 7
35 52
19 81
82 47
4 69
42 50
78 85
88 44
20 55
20 79
39 71
29 6
70 9
36 60
81 83
95 79
27 93
40 88
42 7
77 29
28 71
22 4
99 71
13 26
60 5
94 80
21 2
4 36
24 64
2 80
31 43
17 90
1 1
