5
20 20 4 1
2 455391055 532209433 30109834
2 553080860 526800600 447149270
1 170959732 853641996 285432558
2 726908724 699900014 538034414
80 20 50 899919
1 50950330 672717940 32104043
1 923220471 701329077 612267514
2 267357136 330797845 441780498
2 544448621 786856094 235309796
1 171581878 265419629 105880658
2 792220229 553029927 147351698
2 259188275 432784255 162302431
2 132684268 700336845 486849708
1 225571136 371470103 84284845
2 925315531 549068711 170779587
1 879866555 612560084 967395394
1 251932530 202705189 276671202
1 320641170 235068211 693496
2 788098138 148045193 928557709
2 580829448 90860139 885899761
1 643713335 225265820 454697368
1 596735922 391498564 18076076
1 940567274 41372015 419756823
1 506448450 387152216 949781707
1 442373757 78969260 181895386
2 314037471 182588881 728392675
2 330634074 509466735 1938371
1 452843225 740354483 182526291
2 965620302 637223658 965841030
2 28722222 836433457 789440380
1 730321823 209197202 494756027
1 448865769 444537734 995151251
1 523506993 29562988 654254450
1 64668221 235163476 792196422
2 744630210 646651144 11798518
1 239521978 194324808 146546346
2 831548466 112387375 620014855
1 801337183 261971586 682076533
2 471168787 29348912 620945630
1 473886645 468613232 663790432
1 350692572 170561233 539970804
2 405724709 184683577 810663085
2 831334721 822461602 200344704
2 16786409 346891049 128515329
2 311794775 601046535 413638264
2 863018120 95714797 349823667
2 125063708 970769296 106737813
2 291898879 623044596 153893044
2 793605828 693863847 57952241
2 878547424 721131677 202201806
2 396109630 402546509 485771545
1 749437558 614286874 966263616
2 67849760 232418232 26880641
2 180649380 376704307 117571137
1 199989954 76825301 609696142
1000 20 50 946673
1 699869896 763589185 986996634
2 309969384 897465227 545322611
1 471113255 747524416 750915302
1 2587277 89203198 985151627
2 703490071 803931594 813257165
1 36349825 692654158 554724062
2 69358464 672295198 227744994
2 601636851 837441135 466269954
2 453546672 305782939 500015173
1 55764517 45337784 804549213
2 645378551 407980866 99133360
1 497184063 936801338 252507012
2 593249283 65764177 824530316
2 610934686 231770729 551631015
1 904065926 779376009 654674270
2 469333495 973460575 512242226
2 131759866 12257398 538912572
2 910111533 195978136 566918505
2 603959001 518568216 55972262
2 455369553 160995626 154333549
2 79276154 831380216 383250647
1 63150944 934881661 223020339
1 714257669 730210961 177952349
2 703671535 690194574 958987681
2 554968323 350416605 875472134
2 546394740 294906990 873086291
1 813475206 781574904 104013156
2 942570529 110863056 22496297
2 942243271 405746943 564573872
2 340628604 787594211 677643786
2 370321523 855596134 943510139
1 398307059 755014172 761940809
2 105430776 489929294 270871589
1 784836283 996474231 507211959
2 630565486 463741466 719672598
1 574604521 742168894 300015400
1 432189 864589272 374758356
2 504699834 52402142 100979767
2 760514627 44489906 801530764
2 799504077 415987924 817129771
2 905917217 88001359 114309422
2 936991941 474037733 141581339
2 937779198 713770288 993209792
1 308455534 145741544 881747861
2 10330815 109022569 649948513
2 13941062 750928279 242568355
2 647934536 44099118 638310077
2 460087042 455439847 57406167
2 395957557 24231941 909274109
1 498269673 903371800 753023275
1000 20 50 104832
2 617142087 598749418 800948940
2 744490961 535213153 87001693
1 644235721 736950205 122368774
2 340394836 217453480 285148821
1 261552598 923458898 140800687
1 231415096 50723205 792676600
1 74955145 554467061 812838501
1 457838860 418378127 714306391
2 869643897 367771682 705611270
1 902984834 792612962 73989336
2 382079519 48874461 57913687
2 266327941 343062508 563320076
2 266521405 704120762 954552880
2 754843967 747229479 977825504
1 154212891 643180357 108056632
2 61558483 822363022 392065400
1 42651055 97676669 250369940
1 890289630 176875627 345372794
2 225750087 403286481 847359853
1 746348988 263196281 724991268
2 819833394 679544147 363323243
2 279289978 193665099 109509175
2 836845455 70082158 898070970
1 892445179 290136369 534639020
1 240329389 637525311 733248473
2 814400937 78621267 108020870
1 481907747 955380722 237261754
2 71093354 962253021 93643477
2 494313520 309483071 170636811
1 503148169 280145985 59622716
1 350228142 957693685 943430264
2 100346405 330585635 882802257
1 968110945 616050729 323811163
1 547188347 431832032 675179255
1 239729105 912441008 109869178
1 727210381 56029006 54265558
2 218028429 77418720 847643748
1 357564705 907266463 766202924
2 717476500 709633187 655498870
2 40218821 390817478 11015049
1 6868206 187342563 495874349
1 471690946 23569955 288185349
2 936010963 250570879 874758860
1 159116236 781540769 737261594
2 858959489 437421693 950837613
1 197204507 569556888 629349742
2 131706426 137364963 437536614
2 528182440 301068014 885287714
2 488410576 381162062 794139902
1 404732016 82325250 524037922
1000 20 50 510510
2 185412480 251313134 708997024
2 885370254 298774969 721673379
2 736196661 525027343 665886638
2 94584230 147752732 700598525
1 137634046 138135138 103248604
2 291719503 988536317 905899835
2 222214730 552556088 592747950
2 487397689 969302224 672722427
1 73131709 234235803 17338884
2 533010771 591528614 555348056
2 116555957 73751045 907641303
2 74020128 460756179 142463545
2 451407669 98228500 877470659
1 86764817 635886845 375773601
2 188442932 968521550 788442643
2 790340125 461165070 201167140
1 695400872 218506023 821973795
2 810034637 229838202 55168129
1 156105598 962809431 695279834
2 423565610 690259730 441779899
2 788488230 171766909 470616800
2 807653753 846390400 36748943
2 667428302 677707938 524453655
2 138873007 725620795 173756611
2 796643169 995730405 620234575
1 78084958 675402704 90817453
1 638212134 786097287 464316280
1 328873368 906096178 641783724
1 77863086 112400524 697647346
2 958790923 586912641 586646225
2 117136930 111099880 936504002
2 689237026 110260612 795316517
2 958507368 268067443 797590703
1 943470146 888408155 123299231
2 527021793 440131863 348492726
1 198744392 990276450 678289461
2 955193325 228453159 867157019
1 815365799 306319596 245236175
2 269935827 34256528 41029015
2 997033491 688861883 150085749
2 956929325 947676451 697165886
1 836084606 672981468 187114454
2 965629682 388123531 71517910
2 230916332 602323723 146014255
2 830776881 865687625 952610255
1 172007220 50362781 283678110
2 84619308 177223476 253632249
2 866085358 403717998 742226359
2 203910800 291908596 280963208
1 817406415 468077661 108134507
